,Date,level_1,WIL500,BofA_AAA,BofA_BBB,BofA_CCC,Gold
0,2000-01-04,WIL500,,,,,
1,2000-01-04,BofA_AAA,,,,,
2,2000-01-04,BofA_BBB,,,,,
3,2000-01-04,BofA_CCC,,,,,
4,2000-01-04,Gold,,,,,
5,2000-01-05,WIL500,,,,,
6,2000-01-05,BofA_AAA,,,,,
7,2000-01-05,BofA_BBB,,,,,
8,2000-01-05,BofA_CCC,,,,,
9,2000-01-05,Gold,,,,,
10,2000-01-06,WIL500,,,,,
11,2000-01-06,BofA_AAA,,,,,
12,2000-01-06,BofA_BBB,,,,,
13,2000-01-06,BofA_CCC,,,,,
14,2000-01-06,Gold,,,,,
15,2000-01-07,WIL500,,,,,
16,2000-01-07,BofA_AAA,,,,,
17,2000-01-07,BofA_BBB,,,,,
18,2000-01-07,BofA_CCC,,,,,
19,2000-01-07,Gold,,,,,
20,2000-01-10,WIL500,1.000000000000417,0.2341522775060752,0.29194400868947606,0.010415955720171477,0.6520278878960489
21,2000-01-10,BofA_AAA,0.2341522775060752,1.0000000000757747,0.9966576208091459,-0.3694986211232622,0.5164376753490882
22,2000-01-10,BofA_BBB,0.29194400868947606,0.9966576208091459,0.9999999999903226,-0.31247670393916727,0.528219587621898
23,2000-01-10,BofA_CCC,0.010415955720171477,-0.3694986211232622,-0.31247670393916727,1.0000000001304186,-0.34307796797618617
24,2000-01-10,Gold,0.6520278878960489,0.5164376753490882,0.528219587621898,-0.34307796797618617,0.9999999999752408
25,2000-01-11,WIL500,1.0000000000005307,0.22426165792709798,0.3338506806251687,0.09586006705251574,0.8161173665857597
26,2000-01-11,BofA_AAA,0.22426165792709798,0.9999999999700674,0.9898231045386026,-0.4915297838691573,-0.061012188154877314
27,2000-01-11,BofA_BBB,0.3338506806251687,0.9898231045386026,0.9999999999407534,-0.4537766621381155,0.028392956696422486
28,2000-01-11,BofA_CCC,0.09586006705251574,-0.4915297838691573,-0.4537766621381155,1.0000000002939982,-0.22827228016923162
29,2000-01-11,Gold,0.8161173665857597,-0.061012188154877314,0.028392956696422486,-0.22827228016923162,0.9999999999872833
30,2000-01-12,WIL500,1.000000000001665,0.022357768905168853,0.0786361200432446,0.17192856059924777,0.7251813448600745
31,2000-01-12,BofA_AAA,0.022357768905168853,0.9999999999188357,0.9981633350837247,-0.6140820602467844,-0.4102413391323255
32,2000-01-12,BofA_BBB,0.0786361200432446,0.9981633350837247,0.9999999999421745,-0.5929986016884811,-0.3781780184145848
33,2000-01-12,BofA_CCC,0.17192856059924777,-0.6140820602467844,-0.5929986016884811,1.0000000004494018,0.006616715813894278
34,2000-01-12,Gold,0.7251813448600745,-0.4102413391323255,-0.3781780184145848,0.006616715813894278,0.9999999999811857
35,2000-01-13,WIL500,1.0000000000034457,0.5359556706223167,0.5872781974808697,-0.04836519208688113,-0.8610109687964459
36,2000-01-13,BofA_AAA,0.5359556706223167,0.9999999999844682,0.9969405270503642,-0.5528201971242986,-0.6179070855972242
37,2000-01-13,BofA_BBB,0.5872781974808697,0.9969405270503642,0.9999999999095259,-0.5686546871933265,-0.6346037258611489
38,2000-01-13,BofA_CCC,-0.04836519208688113,-0.5528201971242986,-0.5686546871933265,1.000000000314562,-0.20514333326941708
39,2000-01-13,Gold,-0.8610109687964459,-0.6179070855972242,-0.6346037258611489,-0.20514333326941708,0.9999999995810337
40,2000-01-14,WIL500,1.0000000000045712,0.4066871276665736,0.38228517660008304,-0.0423514306637104,0.3155763717174359
41,2000-01-14,BofA_AAA,0.4066871276665736,0.9999999999590973,0.9983944132822292,-0.36509646602017953,-0.7096879580650696
42,2000-01-14,BofA_BBB,0.38228517660008304,0.9983944132822292,0.9999999999151642,-0.4126553014500318,-0.7159306759263816
43,2000-01-14,BofA_CCC,-0.0423514306637104,-0.36509646602017953,-0.4126553014500318,1.0000000004544387,0.12903054847207168
44,2000-01-14,Gold,0.3155763717174359,-0.7096879580650696,-0.7159306759263816,0.12903054847207168,1.0000000000019456
45,2000-01-18,WIL500,1.000000000000135,-0.16475921416013525,-0.19781622678374225,0.10552310457257053,0.6638381617890315
46,2000-01-18,BofA_AAA,-0.16475921416013525,1.0000000000257434,0.9991556850430042,-0.9919386945007156,-0.6995306356312087
47,2000-01-18,BofA_BBB,-0.19781622678374225,0.9991556850430042,0.9999999999191683,-0.9885519871307218,-0.7254012534383332
48,2000-01-18,BofA_CCC,0.10552310457257053,-0.9919386945007156,-0.9885519871307218,1.000000000201526,0.6197485419927876
49,2000-01-18,Gold,0.6638381617890315,-0.6995306356312087,-0.7254012534383332,0.6197485419927876,1.000000000014071
50,2000-01-19,WIL500,1.0000000000009766,-0.19245466826488894,-0.21699289366814345,0.1045689864205864,0.6829716816792313
51,2000-01-19,BofA_AAA,-0.19245466826488894,1.0000000001319616,0.9995965483083036,-0.9904985243473561,-0.506902186365202
52,2000-01-19,BofA_BBB,-0.21699289366814345,0.9995965483083036,0.999999999817583,-0.986512998115848,-0.5254039722677998
53,2000-01-19,BofA_CCC,0.1045689864205864,-0.9904985243473561,-0.986512998115848,1.0000000003283378,0.4094723874188442
54,2000-01-19,Gold,0.6829716816792313,-0.506902186365202,-0.5254039722677998,0.4094723874188442,1.0000000000052376
55,2000-01-20,WIL500,1.0000000000121285,-0.785351286233677,-0.7800168891692683,0.37893241006950473,0.6611403564255776
56,2000-01-20,BofA_AAA,-0.785351286233677,1.0000000001509242,0.9997297741622113,-0.2834118230978837,-0.7190045862754049
57,2000-01-20,BofA_BBB,-0.7800168891692683,0.9997297741622113,0.9999999999320585,-0.2619787219272014,-0.7293135662846166
58,2000-01-20,BofA_CCC,0.37893241006950473,-0.2834118230978837,-0.2619787219272014,1.0000000000656981,-0.13169771954800694
59,2000-01-20,Gold,0.6611403564255776,-0.7190045862754049,-0.7293135662846166,-0.13169771954800694,1.0000000000017188
60,2000-01-21,WIL500,1.0000000001861606,0.967690013010662,0.9536304259050418,0.20940074025068992,0.040775761253953706
61,2000-01-21,BofA_AAA,0.967690013010662,1.0000000014869512,0.9547685344100648,0.3519728062527664,-0.1030069967425518
62,2000-01-21,BofA_BBB,0.9536304259050418,0.9547685344100648,0.9999999993352526,0.2394519365706427,-0.25722238891969396
63,2000-01-21,BofA_CCC,0.20940074025068992,0.3519728062527664,0.2394519365706427,1.0000000000285825,-0.260430956183281
64,2000-01-21,Gold,0.040775761253953706,-0.1030069967425518,-0.25722238891969396,-0.260430956183281,0.999999999998677
65,2000-01-24,WIL500,0.9999999999994624,-0.9254853827478148,-0.9242497858878311,-0.5909260898821911,0.13915000173756648
66,2000-01-24,BofA_AAA,-0.9254853827478148,1.0000000001016902,0.996876379586794,0.6667875156208707,0.10011736684999335
67,2000-01-24,BofA_BBB,-0.9242497858878311,0.996876379586794,0.9999999998855909,0.6427824430523242,0.08773437118264064
68,2000-01-24,BofA_CCC,-0.5909260898821911,0.6667875156208707,0.6427824430523242,1.0000000000399438,-0.39295115471944886
69,2000-01-24,Gold,0.13915000173756648,0.10011736684999335,0.08773437118264064,-0.39295115471944886,0.9999999999603958
70,2000-01-25,WIL500,1.0000000000016258,-0.9626277387863312,-0.9536455155609961,-0.7247684947147667,0.4437797744120066
71,2000-01-25,BofA_AAA,-0.9626277387863312,1.0000000000401237,0.9969911235334173,0.8699877133405884,-0.42096094712281784
72,2000-01-25,BofA_BBB,-0.9536455155609961,0.9969911235334173,0.9999999998926482,0.8585415586806431,-0.3899726214190982
73,2000-01-25,BofA_CCC,-0.7247684947147667,0.8699877133405884,0.8585415586806431,1.0000000000272338,-0.31292812683300714
74,2000-01-25,Gold,0.4437797744120066,-0.42096094712281784,-0.3899726214190982,-0.31292812683300714,0.9999999997660766
75,2000-01-26,WIL500,1.0000000000030431,-0.9665809177026504,-0.965685753852467,-0.7616536812537971,0.6070306000760143
76,2000-01-26,BofA_AAA,-0.9665809177026504,1.0000000000420695,0.9986689649421823,0.8860972332518434,-0.6709704866726397
77,2000-01-26,BofA_BBB,-0.965685753852467,0.9986689649421823,0.9999999999314648,0.8764027164222723,-0.6581499180046746
78,2000-01-26,BofA_CCC,-0.7616536812537971,0.8860972332518434,0.8764027164222723,1.0000000000458988,-0.5293762306356484
79,2000-01-26,Gold,0.6070306000760143,-0.6709704866726397,-0.6581499180046746,-0.5293762306356484,0.999999999986525
80,2000-01-27,WIL500,1.0000000000068794,-0.9552294535932689,-0.9532771206272376,-0.767364748050016,0.6066858691631247
81,2000-01-27,BofA_AAA,-0.9552294535932689,1.0000000000905522,0.9988491739782527,0.8932395471887169,-0.7341082461656951
82,2000-01-27,BofA_BBB,-0.9532771206272376,0.9988491739782527,0.999999999920465,0.9090876226750475,-0.712260907209325
83,2000-01-27,BofA_CCC,-0.767364748050016,0.8932395471887169,0.9090876226750475,1.0000000001561653,-0.566120330404525
84,2000-01-27,Gold,0.6066858691631247,-0.7341082461656951,-0.712260907209325,-0.566120330404525,1.0000000000072053
85,2000-01-28,WIL500,1.000000000002849,-0.8525701029653986,-0.9043497037519542,-0.05449868181932988,0.12469089317537722
86,2000-01-28,BofA_AAA,-0.8525701029653986,1.0000000001728468,0.9892110989672335,0.46995155831360025,-0.530033108287057
87,2000-01-28,BofA_BBB,-0.9043497037519542,0.9892110989672335,0.9999999997648742,0.4382763201011025,-0.4164093838324384
88,2000-01-28,BofA_CCC,-0.05449868181932988,0.46995155831360025,0.4382763201011025,1.0000000003194363,-0.3912072551462334
89,2000-01-28,Gold,0.12469089317537722,-0.530033108287057,-0.4164093838324384,-0.3912072551462334,1.0000000000158382
90,2000-01-31,WIL500,1.0000000000035816,-0.6472952747726369,-0.8118964550291131,0.06352858402148669,0.24724309287629948
91,2000-01-31,BofA_AAA,-0.6472952747726369,1.0000000002544773,0.9698737790469839,-0.43672004493440825,0.1679485048814115
92,2000-01-31,BofA_BBB,-0.8118964550291131,0.9698737790469839,0.999999999632541,-0.3779502095071256,0.07745955970929899
93,2000-01-31,BofA_CCC,0.06352858402148669,-0.43672004493440825,-0.3779502095071256,1.000000000655548,-0.8091933338904059
94,2000-01-31,Gold,0.24724309287629948,0.1679485048814115,0.07745955970929899,-0.8091933338904059,1.0000000000143385
95,2000-02-01,WIL500,1.0000000000030296,-0.46630465041839814,-0.6311337475321215,0.19590097747811916,-0.32369520225777326
96,2000-02-01,BofA_AAA,-0.46630465041839814,1.00000000025769,0.951357089331601,-0.653757717405707,0.6024020514327716
97,2000-02-01,BofA_BBB,-0.6311337475321215,0.951357089331601,0.9999999997054422,-0.5879757059959073,0.4301648381388207
98,2000-02-01,BofA_CCC,0.19590097747811916,-0.653757717405707,-0.5879757059959073,1.000000000240563,-0.7152525399360378
99,2000-02-01,Gold,-0.32369520225777326,0.6024020514327716,0.4301648381388207,-0.7152525399360378,1.0000000000169613
100,2000-02-02,WIL500,1.000000000002927,0.03204921487120957,-0.048542972767448185,0.6288055455196496,-0.40662153363601145
101,2000-02-02,BofA_AAA,0.03204921487120957,1.0000000001496487,0.9754791782088355,-0.06389985405803587,0.7517950100007671
102,2000-02-02,BofA_BBB,-0.048542972767448185,0.9754791782088355,0.999999999765319,-0.06002767713403669,0.6729870046587786
103,2000-02-02,BofA_CCC,0.6288055455196496,-0.06389985405803587,-0.06002767713403669,0.9999999993399875,-0.3013750066051302
104,2000-02-02,Gold,-0.40662153363601145,0.7517950100007671,0.6729870046587786,-0.3013750066051302,1.0000000000269782
105,2000-02-03,WIL500,1.0000000000017193,0.6377559868466509,0.6397184933188167,0.8290417131513508,-0.3082101829119039
106,2000-02-03,BofA_AAA,0.6377559868466509,1.0000000000341953,0.9999019474533974,0.8168961584469109,0.4468962094889165
107,2000-02-03,BofA_BBB,0.6397184933188167,0.9999019474533974,0.9999999999404278,0.8213448895341804,0.4388092430147323
108,2000-02-03,BofA_CCC,0.8290417131513508,0.8168961584469109,0.8213448895341804,1.000000000005685,-0.0123150137872696
109,2000-02-03,Gold,-0.3082101829119039,0.4468962094889165,0.4388092430147323,-0.0123150137872696,1.000000000021593
110,2000-02-04,WIL500,1.000000000004064,0.9583016712429283,0.9496040561182704,0.8618711416016898,0.6530454509237096
111,2000-02-04,BofA_AAA,0.9583016712429283,1.0000000000245675,0.9990467009698949,0.906484001023367,0.5481772152905812
112,2000-02-04,BofA_BBB,0.9496040561182704,0.9990467009698949,0.9999999999558299,0.8962191415576818,0.5116182627655468
113,2000-02-04,BofA_CCC,0.8618711416016898,0.906484001023367,0.8962191415576818,1.0000000000713267,0.723165917879233
114,2000-02-04,Gold,0.6530454509237096,0.5481772152905812,0.5116182627655468,0.723165917879233,1.000000000003044
115,2000-02-07,WIL500,1.0000000000003513,0.5664072604900581,0.5079324830206555,0.9544020257059495,0.6725970134538163
116,2000-02-07,BofA_AAA,0.5664072604900581,1.000000000030312,0.9968709188807378,0.33572508997632905,-0.19736949100978973
117,2000-02-07,BofA_BBB,0.5079324830206555,0.9968709188807378,0.9999999999341969,0.2695551953299778,-0.26804977470735564
118,2000-02-07,BofA_CCC,0.9544020257059495,0.33572508997632905,0.2695551953299778,0.999999999969492,0.850741945084851
119,2000-02-07,Gold,0.6725970134538163,-0.19736949100978973,-0.26804977470735564,0.850741945084851,1.000000000000457
120,2000-02-08,WIL500,0.9999999999993805,0.2412763239251628,0.11925217503685298,0.9662365293312029,0.4301163671670681
121,2000-02-08,BofA_AAA,0.2412763239251628,1.0000000000538607,0.9913259438125065,0.010006757014822907,-0.6058070315218931
122,2000-02-08,BofA_BBB,0.11925217503685298,0.9913259438125065,0.9999999999272577,-0.11337427706760478,-0.6630946445177056
123,2000-02-08,BofA_CCC,0.9662365293312029,0.010006757014822907,-0.11337427706760478,0.9999999999870257,0.5262567880673373
124,2000-02-08,Gold,0.4301163671670681,-0.6058070315218931,-0.6630946445177056,0.5262567880673373,1.000000000000249
125,2000-02-09,WIL500,0.999999999999267,0.10102430792261691,0.04824913709683912,0.11244069750436604,-0.12660107959621514
126,2000-02-09,BofA_AAA,0.10102430792261691,1.0000000000359035,0.9953505065703958,-0.6016504418815062,-0.9973185657492813
127,2000-02-09,BofA_BBB,0.04824913709683912,0.9953505065703958,0.9999999999555231,-0.6626635453247038,-0.9858483904953471
128,2000-02-09,BofA_CCC,0.11244069750436604,-0.6016504418815062,-0.6626635453247038,1.0000000000012426,0.5533283350365199
129,2000-02-09,Gold,-0.12660107959621514,-0.9973185657492813,-0.9858483904953471,0.5533283350365199,1.000000000000568
130,2000-02-10,WIL500,0.9999999999997484,0.32905862441115413,0.2991013154191058,-0.03872156143397018,-0.4073394148193538
131,2000-02-10,BofA_AAA,0.32905862441115413,1.0000000000230984,0.9968136362420288,-0.593481775824701,-0.867193587417821
132,2000-02-10,BofA_BBB,0.2991013154191058,0.9968136362420288,0.9999999999064193,-0.6543154139540212,-0.8586575407156044
133,2000-02-10,BofA_CCC,-0.03872156143397018,-0.593481775824701,-0.6543154139540212,0.9999999999852528,0.43171214574695754
134,2000-02-10,Gold,-0.4073394148193538,-0.867193587417821,-0.8586575407156044,0.43171214574695754,1.000000000000908
135,2000-02-11,WIL500,1.0000000000002502,0.5935028504668595,0.6027881887054768,-0.5610385328183725,-0.7466832592775742
136,2000-02-11,BofA_AAA,0.5935028504668595,1.0000000000067282,0.9973113883663199,-0.33702374042353667,-0.786883569770827
137,2000-02-11,BofA_BBB,0.6027881887054768,0.9973113883663199,0.99999999989182,-0.40142601509334913,-0.7592677608092269
138,2000-02-11,BofA_CCC,-0.5610385328183725,-0.33702374042353667,-0.40142601509334913,0.999999999938112,0.04928837360066975
139,2000-02-11,Gold,-0.7466832592775742,-0.786883569770827,-0.7592677608092269,0.04928837360066975,1.0000000000006262
140,2000-02-14,WIL500,0.9999999999994591,0.3056579416604423,0.21944229088208722,-0.9087702110834216,-0.8589222000658682
141,2000-02-14,BofA_AAA,0.3056579416604423,1.0000000000262423,0.991140045849092,-0.1982287664102034,-0.7143492971850639
142,2000-02-14,BofA_BBB,0.21944229088208722,0.991140045849092,0.9999999999123886,-0.08519226775091263,-0.6477559847557208
143,2000-02-14,BofA_CCC,-0.9087702110834216,-0.1982287664102034,-0.08519226775091263,0.9999999999114036,0.7908660464714489
144,2000-02-14,Gold,-0.8589222000658682,-0.7143492971850639,-0.6477559847557208,0.7908660464714489,1.0000000000023446
145,2000-02-15,WIL500,0.9999999999973339,-0.4966584979824524,-0.5073717139408246,-0.3221539292399608,-0.26690714377286356
146,2000-02-15,BofA_AAA,-0.4966584979824524,1.0000000000259168,0.9940559103261423,0.7139344816579798,-0.5129902136284509
147,2000-02-15,BofA_BBB,-0.5073717139408246,0.9940559103261423,0.9999999998308043,0.7360807740359124,-0.5185836860203171
148,2000-02-15,BofA_CCC,-0.3221539292399608,0.7139344816579798,0.7360807740359124,0.9999999999793366,-0.8155253942597027
149,2000-02-15,Gold,-0.26690714377286356,-0.5129902136284509,-0.5185836860203171,-0.8155253942597027,1.0000000000134617
150,2000-02-16,WIL500,0.9999999999996818,-0.5964260506604669,-0.5610455466617402,-0.32658217327513317,-0.015240912504302234
151,2000-02-16,BofA_AAA,-0.5964260506604669,1.000000000057715,0.9923924927557485,0.8282421471614334,-0.5699080498882981
152,2000-02-16,BofA_BBB,-0.5610455466617402,0.9923924927557485,0.9999999998258451,0.7838068603498227,-0.5020281073046302
153,2000-02-16,BofA_CCC,-0.32658217327513317,0.8282421471614334,0.7838068603498227,0.9999999999613417,-0.8604594857784075
154,2000-02-16,Gold,-0.015240912504302234,-0.5699080498882981,-0.5020281073046302,-0.8604594857784075,1.0000000000079978
155,2000-02-17,WIL500,0.9999999999761106,0.5369518802241066,0.46292615920800895,0.8890310544957588,-0.6634056946973045
156,2000-02-17,BofA_AAA,0.5369518802241066,1.0000000001859115,0.9713096207392654,0.6733854545577957,-0.6214262449791643
157,2000-02-17,BofA_BBB,0.46292615920800895,0.9713096207392654,0.9999999997288472,0.5377963539775727,-0.46753740852177206
158,2000-02-17,BofA_CCC,0.8890310544957588,0.6733854545577957,0.5377963539775727,0.9999999999167765,-0.9271035329208387
159,2000-02-17,Gold,-0.6634056946973045,-0.6214262449791643,-0.46753740852177206,-0.9271035329208387,1.0000000000099345
160,2000-02-18,WIL500,0.9999999999982205,-0.9706189641883696,-0.9108685126408195,-0.09604391559118182,0.21022536661306365
161,2000-02-18,BofA_AAA,-0.9706189641883696,1.0000000000771467,0.9662797934175085,0.08423723768622482,-0.055125726079641134
162,2000-02-18,BofA_BBB,-0.9108685126408195,0.9662797934175085,0.9999999996535076,-0.10248859694827393,0.15733058928693555
163,2000-02-18,BofA_CCC,-0.09604391559118182,0.08423723768622482,-0.10248859694827393,0.9999999999014091,-0.7958677151711472
164,2000-02-18,Gold,0.21022536661306365,-0.055125726079641134,0.15733058928693555,-0.7958677151711472,1.0000000000263565
165,2000-02-22,WIL500,0.9999999999983777,-0.8372553366643009,-0.8256999625228063,-0.5033106557193974,0.5576651551401066
166,2000-02-22,BofA_AAA,-0.8372553366643009,1.000000000001287,0.9982947337471016,0.8542414310915871,-0.6024859206736163
167,2000-02-22,BofA_BBB,-0.8256999625228063,0.9982947337471016,0.999999999964034,0.8700456399877229,-0.5927329431808299
168,2000-02-22,BofA_CCC,-0.5033106557193974,0.8542414310915871,0.8700456399877229,1.000000000186123,-0.22355413133093643
169,2000-02-22,Gold,0.5576651551401066,-0.6024859206736163,-0.5927329431808299,-0.22355413133093643,1.0000000001124203
170,2000-02-23,WIL500,0.9999999999955954,-0.7786128049670148,-0.7761298351970387,-0.39749816362414786,0.38887016674879527
171,2000-02-23,BofA_AAA,-0.7786128049670148,1.0000000000072014,0.9998199901097745,0.8090158554347635,-0.5809055660070456
172,2000-02-23,BofA_BBB,-0.7761298351970387,0.9998199901097745,0.9999999999500179,0.8170721423200149,-0.5899445141780212
173,2000-02-23,BofA_CCC,-0.39749816362414786,0.8090158554347635,0.8170721423200149,0.9999999999019679,-0.5017774176695345
174,2000-02-23,Gold,0.38887016674879527,-0.5809055660070456,-0.5899445141780212,-0.5017774176695345,1.0000000000895755
175,2000-02-24,WIL500,0.999999999996261,-0.6017934203502726,-0.5922728074621136,-0.15296676766062156,0.22060121423827003
176,2000-02-24,BofA_AAA,-0.6017934203502726,1.0000000000050613,0.9996557581454452,0.017843521158041924,-0.7848757148334702
177,2000-02-24,BofA_BBB,-0.5922728074621136,0.9996557581454452,0.9999999999559224,0.009480435564091816,-0.7989142799110444
178,2000-02-24,BofA_CCC,-0.15296676766062156,0.017843521158041924,0.009480435564091816,1.0000000000778024,0.4307290240859907
179,2000-02-24,Gold,0.22060121423827003,-0.7848757148334702,-0.7989142799110444,0.4307290240859907,1.0000000000227747
180,2000-02-25,WIL500,0.9999999999869916,0.09431182511707605,0.12427765750183892,0.11679841484332627,0.03304492573006986
181,2000-02-25,BofA_AAA,0.09431182511707605,1.0000000000219762,0.9990705637601017,-0.23665553325377636,-0.5049259702113383
182,2000-02-25,BofA_BBB,0.12427765750183892,0.9990705637601017,0.9999999998349552,-0.25561883685690345,-0.5282951750375902
183,2000-02-25,BofA_CCC,0.11679841484332627,-0.23665553325377636,-0.25561883685690345,1.0000000001311256,0.7256834834817774
184,2000-02-25,Gold,0.03304492573006986,-0.5049259702113383,-0.5282951750375902,0.7256834834817774,1.0000000000099203
185,2000-02-28,WIL500,0.9999999999787028,-0.5005697141959976,-0.5175561696548688,-0.05902992897096515,0.0875557175069364
186,2000-02-28,BofA_AAA,-0.5005697141959976,1.0000000000050484,0.9976085204271666,0.3871633634186843,0.5494535828195436
187,2000-02-28,BofA_BBB,-0.5175561696548688,0.9976085204271666,0.9999999998914565,0.331060937158932,0.5078203798630498
188,2000-02-28,BofA_CCC,-0.05902992897096515,0.3871633634186843,0.331060937158932,1.0000000001064926,0.9002740241518491
189,2000-02-28,Gold,0.0875557175069364,0.5494535828195436,0.5078203798630498,0.9002740241518491,1.0000000000066898
190,2000-02-29,WIL500,1.0000000000009022,-0.5718516857632703,-0.746324207141974,-0.05166584342738908,-0.06238934589397297
191,2000-02-29,BofA_AAA,-0.5718516857632703,1.0000000000239404,0.9608536204506264,0.2767617824603341,0.4986234314866485
192,2000-02-29,BofA_BBB,-0.746324207141974,0.9608536204506264,0.9999999999467142,0.24315512815873638,0.4735109002973324
193,2000-02-29,BofA_CCC,-0.05166584342738908,0.2767617824603341,0.24315512815873638,1.000000000068579,0.8663110624635829
194,2000-02-29,Gold,-0.06238934589397297,0.4986234314866485,0.4735109002973324,0.8663110624635829,1.0000000000087124
195,2000-03-01,WIL500,1.0000000000002494,-0.5992687347533227,-0.7790189770231426,-0.7551191403566175,-0.30023234777166335
196,2000-03-01,BofA_AAA,-0.5992687347533227,1.0000000000019282,0.9564496467602763,0.6439641181168803,0.759647717412526
197,2000-03-01,BofA_BBB,-0.7790189770231426,0.9564496467602763,0.9999999999727319,0.676565857203984,0.7146677946446179
198,2000-03-01,BofA_CCC,-0.7551191403566175,0.6439641181168803,0.676565857203984,1.0000000003446785,0.531883069127317
199,2000-03-01,Gold,-0.30023234777166335,0.759647717412526,0.7146677946446179,0.531883069127317,1.0000000000237668
200,2000-03-02,WIL500,0.9999999999988959,-0.6245675082563751,-0.8544505787728475,-0.4553420257375742,-0.5752075353171996
201,2000-03-02,BofA_AAA,-0.6245675082563751,1.0000000000166516,0.92650698218007,0.44391251994673353,0.512478363542271
202,2000-03-02,BofA_BBB,-0.8544505787728475,0.92650698218007,0.9999999999572967,0.42611792040052476,0.5438677647740892
203,2000-03-02,BofA_CCC,-0.4553420257375742,0.44391251994673353,0.42611792040052476,1.0000000005734175,-0.017272054752528174
204,2000-03-02,Gold,-0.5752075353171996,0.512478363542271,0.5438677647740892,-0.017272054752528174,1.0000000000554408
205,2000-03-03,WIL500,1.0000000000003109,0.9176414953367751,-0.40489957777081553,0.4571476484085105,-0.7349948954065598
206,2000-03-03,BofA_AAA,0.9176414953367751,1.0000000000564893,-0.27489546412537696,0.46633187203680104,-0.5191079517142573
207,2000-03-03,BofA_BBB,-0.40489957777081553,-0.27489546412537696,0.9999999990174222,0.0626307491813937,0.017422179068652063
208,2000-03-03,BofA_CCC,0.4571476484085105,0.46633187203680104,0.0626307491813937,1.0000000002777534,-0.6956270957161133
209,2000-03-03,Gold,-0.7349948954065598,-0.5191079517142573,0.017422179068652063,-0.6956270957161133,1.0000000000220521
210,2000-03-06,WIL500,0.999999999997571,0.6784357139829917,0.5374849796009518,0.5390086584017159,-0.8807853174073218
211,2000-03-06,BofA_AAA,0.6784357139829917,1.0000000011246721,0.9837759115768019,0.06889803350110717,-0.3530436728832481
212,2000-03-06,BofA_BBB,0.5374849796009518,0.9837759115768019,0.9999999962962245,-0.06911367655262511,-0.1953392368746684
213,2000-03-06,BofA_CCC,0.5390086584017159,0.06889803350110717,-0.06911367655262511,1.0000000000821192,-0.6951306349802395
214,2000-03-06,Gold,-0.8807853174073218,-0.3530436728832481,-0.1953392368746684,-0.6951306349802395,1.0000000000232945
215,2000-03-07,WIL500,0.9999999999978834,0.011799553941607368,0.32735751995632417,-0.3479426049180205,-0.5548943930075575
216,2000-03-07,BofA_AAA,0.011799553941607368,1.0000000007369536,0.9038022261363603,0.6437203931062812,-0.2736296309414644
217,2000-03-07,BofA_BBB,0.32735751995632417,0.9038022261363603,0.999999997450228,0.2742726320615949,-0.23278549399799672
218,2000-03-07,BofA_CCC,-0.3479426049180205,0.6437203931062812,0.2742726320615949,1.0000000000342522,-0.4150178700935398
219,2000-03-07,Gold,-0.5548943930075575,-0.2736296309414644,-0.23278549399799672,-0.4150178700935398,1.000000000036933
220,2000-03-08,WIL500,0.9999999999990821,-0.16742488600859817,0.2249544897738331,-0.6234930968719058,-0.7615620114600105
221,2000-03-08,BofA_AAA,-0.16742488600859817,1.0000000009096663,0.9054747355759057,0.6972234984554687,0.235805880884148
222,2000-03-08,BofA_BBB,0.2249544897738331,0.9054747355759057,0.9999999974515816,0.3511057165639133,-0.06977023976533192
223,2000-03-08,BofA_CCC,-0.6234930968719058,0.6972234984554687,0.3511057165639133,1.0000000000185982,0.683649436832503
224,2000-03-08,Gold,-0.7615620114600105,0.235805880884148,-0.06977023976533192,0.683649436832503,1.000000000100746
225,2000-03-09,WIL500,1.0000000000012665,0.1705343083901613,0.478305028674417,-0.5571034660550434,-0.4016916338829319
226,2000-03-09,BofA_AAA,0.1705343083901613,1.0000000004725937,0.9377646610688306,0.571728378329107,0.5701421910492104
227,2000-03-09,BofA_BBB,0.478305028674417,0.9377646610688306,0.999999998785077,0.26870443462328947,0.32663346761697654
228,2000-03-09,BofA_CCC,-0.5571034660550434,0.571728378329107,0.26870443462328947,1.0000000000317586,0.940257500003358
229,2000-03-09,Gold,-0.4016916338829319,0.5701421910492104,0.32663346761697654,0.940257500003358,1.000000000110203
230,2000-03-10,WIL500,1.0000000000047302,0.12502248629569965,0.3119536404867005,-0.18369229735093645,-0.09133948952916221
231,2000-03-10,BofA_AAA,0.12502248629569965,1.0000000003169693,0.9782121254903806,0.6438795762914467,0.5969666072558296
232,2000-03-10,BofA_BBB,0.3119536404867005,0.9782121254903806,0.9999999979624167,0.528676184779225,0.5214644756514168
233,2000-03-10,BofA_CCC,-0.18369229735093645,0.6438795762914467,0.528676184779225,1.0000000000775875,0.9102349634440894
234,2000-03-10,Gold,-0.09133948952916221,0.5969666072558296,0.5214644756514168,0.9102349634440894,1.0000000001391625
235,2000-03-13,WIL500,1.0000000000026692,0.3643699706307381,0.500738085490829,-0.03437764801730609,0.07011288498989411
236,2000-03-13,BofA_AAA,0.3643699706307381,1.0000000005180152,0.9537382973247092,-0.2780858651092951,0.036400678324624555
237,2000-03-13,BofA_BBB,0.500738085490829,0.9537382973247092,0.9999999967376096,-0.2876103277469818,0.11694939169930545
238,2000-03-13,BofA_CCC,-0.03437764801730609,-0.2780858651092951,-0.2876103277469818,1.0000000015726722,0.8610472072266607
239,2000-03-13,Gold,0.07011288498989411,0.036400678324624555,0.11694939169930545,0.8610472072266607,1.0000000004191805
240,2000-03-14,WIL500,1.000000000001188,-0.5860747256374269,-0.5639843793062316,0.5573601232754374,0.5180135776803946
241,2000-03-14,BofA_AAA,-0.5860747256374269,1.0000000000732543,0.9943047117061754,-0.8969095312106603,-0.8363083160558789
242,2000-03-14,BofA_BBB,-0.5639843793062316,0.9943047117061754,0.999999999179273,-0.9202638254757051,-0.8450219085427406
243,2000-03-14,BofA_CCC,0.5573601232754374,-0.8969095312106603,-0.9202638254757051,1.0000000002474188,0.9692748185960663
244,2000-03-14,Gold,0.5180135776803946,-0.8363083160558789,-0.8450219085427406,0.9692748185960663,1.000000000125084
245,2000-03-15,WIL500,1.0000000000013194,-0.725458307213072,-0.7511120299649454,0.9242351029145905,0.8597295678883938
246,2000-03-15,BofA_AAA,-0.725458307213072,1.0000000000048952,0.9975548678645854,-0.8833374786244351,-0.8438135696692297
247,2000-03-15,BofA_BBB,-0.7511120299649454,0.9975548678645854,0.9999999995374531,-0.8980554817705904,-0.8424910751536094
248,2000-03-15,BofA_CCC,0.9242351029145905,-0.8833374786244351,-0.8980554817705904,1.000000000332874,0.9632219864292734
249,2000-03-15,Gold,0.8597295678883938,-0.8438135696692297,-0.8424910751536094,0.9632219864292734,1.0000000001589362
250,2000-03-16,WIL500,1.0000000000011413,0.148479062604719,0.1503686961533879,0.611523844673764,-0.3232525381107123
251,2000-03-16,BofA_AAA,0.148479062604719,1.0000000000081828,0.998489036521279,-0.6529211223869943,-0.9281073928922747
252,2000-03-16,BofA_BBB,0.1503686961533879,0.998489036521279,0.9999999997957436,-0.6530718340375136,-0.9324021079005712
253,2000-03-16,BofA_CCC,0.611523844673764,-0.6529211223869943,-0.6530718340375136,1.000000000377094,0.5502746578810491
254,2000-03-16,Gold,-0.3232525381107123,-0.9281073928922747,-0.9324021079005712,0.5502746578810491,1.0000000000769118
255,2000-03-17,WIL500,1.0000000000011884,0.6852481347856988,0.7130963236470793,0.33178971005225555,-0.7519947665801099
256,2000-03-17,BofA_AAA,0.6852481347856988,1.0000000000261855,0.9972366784367854,-0.42506664774075276,-0.9216895072955342
257,2000-03-17,BofA_BBB,0.7130963236470793,0.9972366784367854,0.9999999998654643,-0.40260152785990067,-0.9476593842151347
258,2000-03-17,BofA_CCC,0.33178971005225555,-0.42506664774075276,-0.40260152785990067,1.0000000009171603,0.3250201365264593
259,2000-03-17,Gold,-0.7519947665801099,-0.9216895072955342,-0.9476593842151347,0.3250201365264593,1.0000000000163245
260,2000-03-20,WIL500,1.0000000000015354,0.8411477126193441,0.8168705361366463,0.761523401797983,-0.8308441338173168
261,2000-03-20,BofA_AAA,0.8411477126193441,0.9999999999923956,0.9971829578632798,0.7358369557025332,-0.882240793987064
262,2000-03-20,BofA_BBB,0.8168705361366463,0.9971829578632798,0.9999999997935056,0.7061030038931445,-0.8884231923514262
263,2000-03-20,BofA_CCC,0.761523401797983,0.7358369557025332,0.7061030038931445,1.0000000020636561,-0.41976466514078437
264,2000-03-20,Gold,-0.8308441338173168,-0.882240793987064,-0.8884231923514262,-0.41976466514078437,1.0000000000219362
265,2000-03-21,WIL500,1.000000000003068,0.7696151437747589,0.7573727267789944,-0.15036905974613343,-0.8216291147699574
266,2000-03-21,BofA_AAA,0.7696151437747589,1.0000000000509184,0.9992225237445851,-0.34455670830021884,-0.8392821260620298
267,2000-03-21,BofA_BBB,0.7573727267789944,0.9992225237445851,0.9999999998064473,-0.31735811856162105,-0.841024352062819
268,2000-03-21,BofA_CCC,-0.15036905974613343,-0.34455670830021884,-0.31735811856162105,1.0000000019604396,0.18996717223052742
269,2000-03-21,Gold,-0.8216291147699574,-0.8392821260620298,-0.841024352062819,0.18996717223052742,1.0000000000204508
270,2000-03-22,WIL500,1.0000000000069373,0.5952645454628245,0.5199881577572164,-0.9281533863047424,0.30687796027515
271,2000-03-22,BofA_AAA,0.5952645454628245,0.9999999999841023,0.9952915318786655,-0.7788595949021773,-0.0076862948371221465
272,2000-03-22,BofA_BBB,0.5199881577572164,0.9952915318786655,0.999999999650905,-0.7152797284857529,-0.07496858392731678
273,2000-03-22,BofA_CCC,-0.9281533863047424,-0.7788595949021773,-0.7152797284857529,1.0000000003259195,-0.40325196291598875
274,2000-03-22,Gold,0.30687796027515,-0.0076862948371221465,-0.07496858392731678,-0.40325196291598875,1.000000000032972
275,2000-03-23,WIL500,1.0000000000042264,0.8926762844078546,0.8625715723507663,-0.9707459072760575,0.10490217343860914
276,2000-03-23,BofA_AAA,0.8926762844078546,1.0000000000754898,0.9954378058102987,-0.9172551325032696,0.1602959540878523
277,2000-03-23,BofA_BBB,0.8625715723507663,0.9954378058102987,0.9999999998030504,-0.8810219904952773,0.09375072617523146
278,2000-03-23,BofA_CCC,-0.9707459072760575,-0.9172551325032696,-0.8810219904952773,1.0000000001452465,-0.3146357510822183
279,2000-03-23,Gold,0.10490217343860914,0.1602959540878523,0.09375072617523146,-0.3146357510822183,1.0000000000287135
280,2000-03-24,WIL500,1.0000000000038607,0.3686633305717473,0.32171171318985625,-0.9689498249874638,-0.22820044781591928
281,2000-03-24,BofA_AAA,0.3686633305717473,1.0000000000502225,0.9952360874185374,-0.5019683473773325,-0.018229162733179934
282,2000-03-24,BofA_BBB,0.32171171318985625,0.9952360874185374,0.9999999997522465,-0.4477232821859778,-0.08102483989558817
283,2000-03-24,BofA_CCC,-0.9689498249874638,-0.5019683473773325,-0.4477232821859778,1.0000000001840335,0.038654027929727955
284,2000-03-24,Gold,-0.22820044781591928,-0.018229162733179934,-0.08102483989558817,0.038654027929727955,1.0000000000506977
285,2000-03-27,WIL500,1.0000000000130345,-0.10226669579605417,-0.08644599797388113,-0.8796987946939223,-0.43046493977867906
286,2000-03-27,BofA_AAA,-0.10226669579605417,1.0000000000353526,0.9981012595872739,-0.2586047081165456,0.25000314495310144
287,2000-03-27,BofA_BBB,-0.08644599797388113,0.9981012595872739,0.9999999998552419,-0.2532806565203182,0.19144694978980514
288,2000-03-27,BofA_CCC,-0.8796987946939223,-0.2586047081165456,-0.2532806565203182,1.0000000004964347,0.026323293076168704
289,2000-03-27,Gold,-0.43046493977867906,0.25000314495310144,0.19144694978980514,0.026323293076168704,1.0000000000300109
290,2000-03-28,WIL500,1.000000000021322,0.01991661572844096,0.08957296861047909,0.4963867173728815,0.12631332666703068
291,2000-03-28,BofA_AAA,0.01991661572844096,1.0000000000291558,0.9974659089098832,-0.0276296109750388,0.31274375807936666
292,2000-03-28,BofA_BBB,0.08957296861047909,0.9974659089098832,0.9999999997309194,0.004802982992319054,0.31430631432883305
293,2000-03-28,BofA_CCC,0.4963867173728815,-0.0276296109750388,0.004802982992319054,1.000000000285071,0.8363688688541786
294,2000-03-28,Gold,0.12631332666703068,0.31274375807936666,0.31430631432883305,0.8363688688541786,1.000000000013932
295,2000-03-29,WIL500,1.000000000015394,0.18147619230271161,0.20436015616301814,0.9700108827530869,0.9903180933173014
296,2000-03-29,BofA_AAA,0.18147619230271161,1.0000000001165097,0.9984765128231897,0.0010122979723081755,0.2201386817489972
297,2000-03-29,BofA_BBB,0.20436015616301814,0.9984765128231897,0.9999999998013065,0.024425335628458944,0.24912667722817478
298,2000-03-29,BofA_CCC,0.9700108827530869,0.0010122979723081755,0.024425335628458944,1.0000000000868863,0.9510155617027439
299,2000-03-29,Gold,0.9903180933173014,0.2201386817489972,0.24912667722817478,0.9510155617027439,1.0000000000078424
300,2000-03-30,WIL500,1.0000000000052707,-0.9464707080901616,0.446608822101259,0.9942842021656604,0.9962203379115137
301,2000-03-30,BofA_AAA,-0.9464707080901616,1.000000000137066,-0.6895194077200516,-0.9559413045251283,-0.9470431012419441
302,2000-03-30,BofA_BBB,0.446608822101259,-0.6895194077200516,0.9999999989841482,0.4524595544120841,0.44719002815869197
303,2000-03-30,BofA_CCC,0.9942842021656604,-0.9559413045251283,0.4524595544120841,1.00000000003324,0.9897886344305753
304,2000-03-30,Gold,0.9962203379115137,-0.9470431012419441,0.44719002815869197,0.9897886344305753,1.0000000000043492
305,2000-03-31,WIL500,1.0000000000093836,-0.8632311395657085,0.5752067922825198,0.9315452899397979,0.980424921630675
306,2000-03-31,BofA_AAA,-0.8632311395657085,1.0000000000281963,-0.8289724441000871,-0.9682465468159452,-0.9331262969010801
307,2000-03-31,BofA_BBB,0.5752067922825198,-0.8289724441000871,0.9999999992642593,0.6733692616505057,0.6435782567470532
308,2000-03-31,BofA_CCC,0.9315452899397979,-0.9682465468159452,0.6733692616505057,1.0000000000338323,0.9774194147573999
309,2000-03-31,Gold,0.980424921630675,-0.9331262969010801,0.6435782567470532,0.9774194147573999,1.0000000000057478
310,2000-04-03,WIL500,1.0000000000170224,-0.8584760954951939,0.5283286392912507,0.8663835082277769,0.8623284117967522
311,2000-04-03,BofA_AAA,-0.8584760954951939,1.0000000000069893,-0.495165709693694,-0.9196675233820611,-0.7510248833101875
312,2000-04-03,BofA_BBB,0.5283286392912507,-0.495165709693694,0.9999999994832447,0.7215215372179342,0.8777934498510178
313,2000-04-03,BofA_CCC,0.8663835082277769,-0.9196675233820611,0.7215215372179342,1.0000000000564668,0.9144565403845556
314,2000-04-03,Gold,0.8623284117967522,-0.7510248833101875,0.8777934498510178,0.9144565403845556,1.0000000000191223
315,2000-04-04,WIL500,1.0000000000173954,-0.8995766264863584,-0.6040857556098643,0.869940279644948,0.6003674050781913
316,2000-04-04,BofA_AAA,-0.8995766264863584,1.000000000014371,0.7815440562612698,-0.9434597798085361,-0.41260126963662896
317,2000-04-04,BofA_BBB,-0.6040857556098643,0.7815440562612698,0.9999999999425662,-0.5499434497464778,0.16371342205374995
318,2000-04-04,BofA_CCC,0.869940279644948,-0.9434597798085361,-0.5499434497464778,1.000000000062648,0.6554415813411095
319,2000-04-04,Gold,0.6003674050781913,-0.41260126963662896,0.16371342205374995,0.6554415813411095,1.0000000000658935
320,2000-04-05,WIL500,1.0000000000249447,-0.8718225697131078,-0.8926072254616556,0.7853458490458431,-0.5501910993677744
321,2000-04-05,BofA_AAA,-0.8718225697131078,1.0000000000143605,0.9977974010275679,-0.8205713268124404,0.5128064702704748
322,2000-04-05,BofA_BBB,-0.8926072254616556,0.9977974010275679,0.9999999999611697,-0.8123065233550308,0.4887064241919478
323,2000-04-05,BofA_CCC,0.7853458490458431,-0.8205713268124404,-0.8123065233550308,1.0000000000413252,-0.8644979779391527
324,2000-04-05,Gold,-0.5501910993677744,0.5128064702704748,0.4887064241919478,-0.8644979779391527,1.0000000000289826
325,2000-04-06,WIL500,1.0000000000225298,-0.8357252763596301,-0.8645840768961313,0.5765049634121641,-0.448457306710524
326,2000-04-06,BofA_AAA,-0.8357252763596301,1.0000000000047626,0.9972432249213423,-0.7660526310904544,0.38524263315893004
327,2000-04-06,BofA_BBB,-0.8645840768961313,0.9972432249213423,0.9999999999055892,-0.735459252728075,0.36196344487242593
328,2000-04-06,BofA_CCC,0.5765049634121641,-0.7660526310904544,-0.735459252728075,1.000000000031268,-0.825977763870025
329,2000-04-06,Gold,-0.448457306710524,0.38524263315893004,0.36196344487242593,-0.825977763870025,1.0000000000347002
330,2000-04-07,WIL500,1.0000000000185134,0.20772687500638073,0.08527882551203993,-0.028725078444817493,0.19032857645541582
331,2000-04-07,BofA_AAA,0.20772687500638073,1.0000000000565037,0.9910424473028107,-0.6399847936572745,0.26294372322913717
332,2000-04-07,BofA_BBB,0.08527882551203993,0.9910424473028107,0.9999999999085782,-0.6106605684728537,0.21162304189619374
333,2000-04-07,BofA_CCC,-0.028725078444817493,-0.6399847936572745,-0.6106605684728537,1.0000000000444629,-0.7860213232147382
334,2000-04-07,Gold,0.19032857645541582,0.26294372322913717,0.21162304189619374,-0.7860213232147382,1.0000000000369356
335,2000-04-10,WIL500,1.0000000000199103,0.2765706486137823,0.13737486762081907,-0.18449764911210378,0.17055929884495233
336,2000-04-10,BofA_AAA,0.2765706486137823,1.000000000070778,0.9868162779424328,0.6438232003039873,0.3489980151912279
337,2000-04-10,BofA_BBB,0.13737486762081907,0.9868162779424328,0.999999999880039,0.721935207551568,0.280063316520246
338,2000-04-10,BofA_CCC,-0.18449764911210378,0.6438232003039873,0.721935207551568,1.0000000001031564,-0.42150134006365353
339,2000-04-10,Gold,0.17055929884495233,0.3489980151912279,0.280063316520246,-0.42150134006365353,1.0000000000276774
340,2000-04-11,WIL500,1.0000000000228788,0.2830641347140302,0.44934674626295945,-0.0705497219351146,-0.6305638504612726
341,2000-04-11,BofA_AAA,0.2830641347140302,1.000000000070778,0.7116560588406743,0.7444333272166181,0.4947942052495411
342,2000-04-11,BofA_BBB,0.44934674626295945,0.7116560588406743,0.9999999999629849,0.07979695545753449,-0.012611730542416362
343,2000-04-11,BofA_CCC,-0.0705497219351146,0.7444333272166181,0.07979695545753449,1.0000000002193077,0.7011617306484025
344,2000-04-11,Gold,-0.6305638504612726,0.4947942052495411,-0.012611730542416362,0.7011617306484025,1.000000000048312
345,2000-04-12,WIL500,1.0000000000075098,0.604130047534547,0.8322711101914873,-0.692288883551226,-0.13816883237367555
346,2000-04-12,BofA_AAA,0.604130047534547,1.0000000000813123,0.8785399032550987,0.08928540328717711,0.5901744689850408
347,2000-04-12,BofA_BBB,0.8322711101914873,0.8785399032550987,0.9999999999834186,-0.37453002592497986,0.16940341200590933
